image_width: 320
image_height: 240
camera_name: narrow_stereo/left
camera_matrix:
  rows: 3
  cols: 3
  data: [338.57205, 0, 171.640876, 0, 337.001449, 148.471709, 0, 0, 1]
distortion_model: plumb_bob
distortion_coefficients:
  rows: 1
  cols: 5
  data: [-0.43249, 0.222811, 0.00372, -0.001429, 0]
rectification_matrix:
  rows: 3
  cols: 3
  data: [1, 0, 0, 0, 1, 0, 0, 0, 1]
projection_matrix:
  rows: 3
  cols: 4
  data: [302.395264, 0, 173.324129, 0, 0, 311.503571, 151.800251, 0, 0, 0, 1, 0]